Version 0.9.7
5
 4 10 175 77 128 0 1
 5 80 400 206 81 2 2
 0 448 189 877 276 8 3
 1 166 198 206 81 140 4
 3 154 348 203 58 150 5
 0
19
 65408 5 566 359 566 331 203 331 203 235 222 235 222 235 0 3 0 4
 65408 5 579 359 579 333 203 333 203 235 241 235 241 235 0 3 0 4
 65408 5 644 294 644 318 201 318 201 235 260 235 260 235 0 3 0 4
 255 5 631 294 631 294 631 294 631 203 631 203 631 203 0 3 0 3
 255 5 71 189 71 189 501 189 501 189 501 203 501 203 0 1 0 3
 255 5 71 202 71 202 181 202 181 202 181 209 181 209 0 1 0 4
 16711680 5 71 249 71 249 181 249 181 249 181 267 181 267 0 1 0 4
 16711680 5 71 288 71 288 71 437 71 437 501 437 501 437 0 1 0 3
 16711680 5 71 275 71 275 71 385 71 385 165 385 165 385 0 1 0 5
 16711680 5 644 359 644 359 644 359 644 437 644 437 644 437 0 3 0 3
 255 5 566 294 566 294 566 294 566 203 566 203 566 203 0 3 0 3
 65535 5 592 359 592 359 592 424 200 424 200 392 200 392 0 3 0 5
 65535 5 605 359 605 359 605 421 220 421 220 392 220 392 0 3 0 5
 65535 5 618 359 618 359 618 427 240 427 240 392 240 392 0 3 0 5
 65535 5 631 359 631 359 631 423 260 423 260 392 260 392 0 3 0 5
 65535 5 618 294 618 294 618 415 280 415 280 392 280 392 0 3 0 5
 65535 5 605 294 605 294 605 415 300 415 300 392 300 392 0 3 0 5
 65535 5 592 294 592 294 592 415 320 415 320 392 320 392 0 3 0 5
 65535 5 579 294 579 294 579 412 340 412 340 392 340 392 0 3 0 5
1
 7164 1 14 560 307 5 0 0 0 3
