Version 0.9.7
6
 4 10 175 77 128 0 1
 5 80 400 206 81 2 2
 0 405 215 877 276 8 3
 1 148 231 206 81 140 4
 3 172 370 203 58 150 5
 1 151 132 206 81 159 6
 0
23
 65535 5 640 385 640 385 640 441 218 441 218 414 218 414 0 3 0 5
 65535 5 653 320 674 320 674 450 238 450 238 414 238 414 0 3 0 5
 255 5 562 320 562 320 562 320 562 229 562 229 562 229 0 3 0 3
 16711680 5 653 385 653 385 653 385 653 463 653 463 653 463 0 3 0 3
 65408 5 562 385 562 361 186 361 186 268 204 268 204 268 0 3 0 4
 65408 5 575 385 575 360 187 360 187 268 223 268 223 268 0 3 0 4
 65408 5 588 385 588 362 188 362 188 268 242 268 242 268 0 3 0 4
 65408 5 601 385 601 360 189 360 189 268 261 268 261 268 0 3 0 4
 65408 5 614 385 614 360 188 360 188 268 280 268 280 268 0 3 0 4
 65408 5 627 385 627 364 190 364 190 268 299 268 299 268 0 3 0 4
 65408 5 575 320 575 320 575 123 207 123 207 169 207 169 0 3 0 6
 65408 5 588 320 588 320 588 127 226 127 226 169 226 169 0 3 0 6
 65408 5 601 320 601 320 601 123 245 123 245 169 245 169 0 3 0 6
 65408 5 614 320 614 320 614 114 264 114 264 169 264 169 0 3 0 6
 65408 5 627 320 627 320 627 120 283 120 283 169 283 169 0 3 0 6
 65408 5 640 320 640 320 640 109 302 109 302 169 302 169 0 3 0 6
 255 5 71 189 71 189 71 143 71 143 166 143 166 143 0 1 0 6
 255 5 71 202 106 202 106 216 458 216 458 229 458 229 0 1 0 3
 255 5 71 215 71 215 163 215 163 215 163 242 163 242 0 1 0 4
 16711680 5 71 249 71 249 128 249 128 201 166 201 166 201 0 1 0 6
 16711680 5 71 262 71 262 163 262 163 262 163 300 163 300 0 1 0 4
 16711680 5 71 275 93 275 93 307 163 307 163 407 183 407 0 1 0 5
 16711680 5 71 288 71 288 71 463 71 463 458 463 458 463 0 1 0 3
1
 7165 1 16 556 333 5 0 0 0 3
