Version 0.9.7
5
 4 10 175 77 128 0 1
 5 80 400 206 81 2 2
 0 474 182 877 276 8 3
 1 173 209 206 81 140 4
 3 168 329 203 58 150 5
 0
21
 255 5 71 189 71 189 71 196 71 196 527 196 527 196 0 1 0 3
 255 5 71 202 71 202 188 202 188 202 188 220 188 220 0 1 0 4
 16711680 5 71 288 71 288 71 430 71 430 527 430 527 430 0 1 0 3
 16711680 5 71 275 71 275 71 366 71 366 179 366 179 366 0 1 0 5
 16711680 5 71 262 71 262 71 262 71 278 188 278 188 278 0 1 0 4
 16711680 5 722 352 722 352 722 352 722 430 722 430 722 430 0 3 0 3
 255 5 631 287 631 287 631 287 631 196 631 196 631 196 0 3 0 3
 255 5 631 352 631 352 631 196 631 196 540 196 540 196 0 3 0 3
 65408 5 670 352 670 352 670 318 211 318 211 246 229 246 0 3 0 4
 65408 5 248 246 213 246 213 318 682 318 682 352 683 352 0 4 0 3
 65408 5 683 287 683 287 683 318 213 318 213 246 267 246 0 3 0 4
 65408 5 670 287 670 287 670 318 214 318 214 246 286 246 0 3 0 4
 65535 5 644 352 644 352 644 413 214 413 214 373 214 373 0 3 0 5
 65535 5 657 352 657 352 657 412 234 412 234 373 234 373 0 3 0 5
 65535 5 696 352 696 352 696 413 254 413 254 373 254 373 0 3 0 5
 65535 5 709 352 709 352 709 409 274 409 274 373 274 373 0 3 0 5
 65535 5 709 287 709 287 709 407 294 407 294 373 294 373 0 3 0 5
 65535 5 696 287 696 287 696 414 314 414 314 373 314 373 0 3 0 5
 65535 5 657 287 663 287 663 400 334 400 334 373 334 373 0 3 0 5
 65535 5 644 287 644 287 644 401 354 401 354 373 354 373 0 3 0 5
 65408 5 722 287 722 287 722 306 212 306 212 246 305 246 0 3 0 4
1
 7175 1 16 625 300 5 0 0 0 3
