Version 0.9.7
5
 4 10 175 77 128 0 1
 5 80 400 206 81 2 2
 0 383 226 877 276 8 3
 1 120 233 206 81 150 5
 3 119 388 203 58 160 6
 0
14
 16711680 5 135 302 135 302 98 302 98 249 71 249 71 249 0 5 0 1
 16711680 5 71 262 71 262 98 262 98 425 130 425 130 425 0 1 0 6
 16711680 5 71 288 71 288 71 474 71 474 436 474 436 474 0 1 0 3
 255 5 71 228 71 228 135 228 135 228 135 244 135 244 0 1 0 5
 255 5 71 189 71 189 436 189 436 189 436 240 436 240 0 1 0 3
 16711680 5 566 331 566 360 372 360 372 474 449 474 449 474 0 3 0 3
 65408 5 527 396 357 396 357 220 176 220 176 270 176 270 0 3 0 5
 65408 5 540 396 356 396 356 212 195 212 195 270 195 270 0 3 0 5
 65408 5 553 396 354 396 354 216 214 216 214 270 214 270 0 3 0 5
 65408 5 566 396 359 396 359 220 233 220 233 270 233 270 0 3 0 5
 255 5 579 396 579 358 367 358 367 240 449 240 449 240 0 3 0 3
 65408 5 527 331 362 331 362 219 252 219 252 270 252 270 0 3 0 5
 65535 5 540 331 540 331 335 331 335 448 185 448 185 432 0 3 0 6
 65535 5 553 331 553 331 339 331 339 453 165 453 165 432 0 3 0 6
1
 7076 1 16 521 344 5 0 0 0 3
